value,symbol
0,64
128,67
130,73
131,89
135,74
136,49
140,84
142,99
143,55
144,41
146,92
171,114
150,76
156,124
162,42
163,63
167,62
169,61
43,81
172,43
176,94
180,59
55,66
56,103
58,35
95,88
61,78
100,69
66,87
67,48
69,56
201,58
74,37
203,34
76,68
205,95
78,72
207,44
80,100
81,79
75,98
85,36
89,57
90,54
101,71
93,104
223,39
97,109
99,65
228,46
229,45
209,126
105,52
106,121
107,97
236,96
110,86
111,111
112,90
115,51
116,91
118,50
119,117
123,125
125,102
126,93
255,32
